1.88678970080901e-17
0.280159316111708
0.0853034308378516
0.280159316111708
0.378538187606924
0.325878964718935
0.243748165800751
0.325878964718935
0.378538187606924
0.444272847405279
0.431197410494912
0.407289927373159
0.382409833027536
0.407289927373159
0.431197410494912
0.444272847405279
0.5
0.5
0.5
0.5
0.5
0.5
0.5
0.5
0.5
0.555727152594721
0.568802589505088
0.592710072626842
0.617590166972464
0.592710072626842
0.568802589505088
0.555727152594722
0.621461812393077
0.674121035281065
0.756251834199249
0.674121035281065
0.621461812393077
0.719840683888292
0.914696569162148
0.719840683888292
1
